0123456,3
1023456,3
2103456,3
1203456,3
2013456,3
0213456,3
3210456,2
2310456,3
2130456,3
3120456,2
1320456,3
1230456,3
3012456,2
0312456,2
0132456,3
3102456,2
1302456,3
1032456,3
3021456,2
0321456,2
0231456,3
3201456,2
2301456,3
2031456,3
4321056,4
3421056,2
3241056,2
3214056,2
4231056,4
2431056,3
2341056,3
2314056,3
4123056,4
1423056,3
1243056,3
1234056,3
4213056,4
2413056,3
2143056,3
2134056,3
4132056,4
1432056,3
1342056,3
1324056,3
4312056,4
3412056,2
3142056,2
3124056,2
4012356,4
0412356,4
0142356,3
0124356,3
4102356,4
1402356,3
1042356,3
1024356,3
4120356,4
1420356,3
1240356,3
1204356,3
4021356,4
0421356,4
0241356,3
0214356,3
4201356,4
2401356,3
2041356,3
2014356,3
4210356,4
2410356,3
2140356,3
2104356,3
4032156,4
0432156,4
0342156,2
0324156,2
4302156,4
3402156,2
3042156,2
3024156,2
4320156,4
3420156,2
3240156,2
3204156,2
4023156,4
0423156,4
0243156,3
0234156,3
4203156,4
2403156,3
2043156,3
2034156,3
4230156,4
2430156,3
2340156,3
2304156,3
4031256,4
0431256,4
0341256,2
0314256,2
4301256,4
3401256,2
3041256,2
3014256,2
4310256,4
3410256,2
3140256,2
3104256,2
4013256,4
0413256,4
0143256,3
0134256,3
4103256,4
1403256,3
1043256,3
1034256,3
4130256,4
1430256,3
1340256,3
1304256,3
5432106,3
4532106,4
4352106,4
4325106,4
4321506,4
5342106,3
3542106,2
3452106,2
3425106,2
3421506,2
5234106,3
2534106,3
2354106,3
2345106,3
2341506,3
5324106,3
3524106,2
3254106,2
3245106,2
3241506,2
5243106,3
2543106,3
2453106,3
2435106,3
2431506,3
5423106,3
4523106,4
4253106,4
4235106,4
4231506,4
5123406,3
1523406,3
1253406,3
1235406,3
1234506,3
5213406,3
2513406,3
2153406,3
2135406,3
2134506,3
5231406,3
2531406,3
2351406,3
2315406,3
2314506,3
5132406,3
1532406,3
1352406,3
1325406,3
1324506,3
5312406,3
3512406,2
3152406,2
3125406,2
3124506,2
5321406,3
3521406,2
3251406,2
3215406,2
3214506,2
5143206,3
1543206,3
1453206,3
1435206,3
1432506,3
5413206,3
4513206,4
4153206,4
4135206,4
4132506,4
5431206,3
4531206,4
4351206,4
4315206,4
4312506,4
5134206,3
1534206,3
1354206,3
1345206,3
1342506,3
5314206,3
3514206,2
3154206,2
3145206,2
3142506,2
5341206,3
3541206,2
3451206,2
3415206,2
3412506,2
5142306,3
1542306,3
1452306,3
1425306,3
1423506,3
5412306,3
4512306,4
4152306,4
4125306,4
4123506,4
5421306,3
4521306,4
4251306,4
4215306,4
4213506,4
5124306,3
1524306,3
1254306,3
1245306,3
1243506,3
5214306,3
2514306,3
2154306,3
2145306,3
2143506,3
5241306,3
2541306,3
2451306,3
2415306,3
2413506,3
5012346,3
0512346,3
0152346,3
0125346,3
0123546,3
5102346,3
1502346,3
1052346,3
1025346,3
1023546,3
5120346,3
1520346,3
1250346,3
1205346,3
1203546,3
5123046,3
1523046,3
1253046,3
1235046,3
1230546,3
5021346,3
0521346,3
0251346,3
0215346,3
0213546,3
5201346,3
2501346,3
2051346,3
2015346,3
2013546,3
5210346,3
2510346,3
2150346,3
2105346,3
2103546,3
5213046,3
2513046,3
2153046,3
2135046,3
2130546,3
5032146,3
0532146,3
0352146,2
0325146,2
0321546,2
5302146,3
3502146,2
3052146,2
3025146,2
3021546,2
5320146,3
3520146,2
3250146,2
3205146,2
3201546,2
5321046,3
3521046,2
3251046,2
3215046,2
3210546,2
5023146,3
0523146,3
0253146,3
0235146,3
0231546,3
5203146,3
2503146,3
2053146,3
2035146,3
2031546,3
5230146,3
2530146,3
2350146,3
2305146,3
2301546,3
5231046,3
2531046,3
2351046,3
2315046,3
2310546,3
5031246,3
0531246,3
0351246,2
0315246,2
0312546,2
5301246,3
3501246,2
3051246,2
3015246,2
3012546,2
5310246,3
3510246,2
3150246,2
3105246,2
3102546,2
5312046,3
3512046,2
3152046,2
3125046,2
3120546,2
5013246,3
0513246,3
0153246,3
0135246,3
0132546,3
5103246,3
1503246,3
1053246,3
1035246,3
1032546,3
5130246,3
1530246,3
1350246,3
1305246,3
1302546,3
5132046,3
1532046,3
1352046,3
1325046,3
1320546,3
5043216,3
0543216,3
0453216,4
0435216,4
0432516,4
5403216,3
4503216,4
4053216,4
4035216,4
4032516,4
5430216,3
4530216,4
4350216,4
4305216,4
4302516,4
5432016,3
4532016,4
4352016,4
4325016,4
4320516,4
5034216,3
0534216,3
0354216,2
0345216,2
0342516,2
5304216,3
3504216,2
3054216,2
3045216,2
3042516,2
5340216,3
3540216,2
3450216,2
3405216,2
3402516,2
5342016,3
3542016,2
3452016,2
3425016,2
3420516,2
5032416,3
0532416,3
0352416,2
0325416,2
0324516,2
5302416,3
3502416,2
3052416,2
3025416,2
3024516,2
5320416,3
3520416,2
3250416,2
3205416,2
3204516,2
5324016,3
3524016,2
3254016,2
3245016,2
3240516,2
5042316,3
0542316,3
0452316,4
0425316,4
0423516,4
5402316,3
4502316,4
4052316,4
4025316,4
4023516,4
5420316,3
4520316,4
4250316,4
4205316,4
4203516,4
5423016,3
4523016,4
4253016,4
4235016,4
4230516,4
5024316,3
0524316,3
0254316,3
0245316,3
0243516,3
5204316,3
2504316,3
2054316,3
2045316,3
2043516,3
5240316,3
2540316,3
2450316,3
2405316,3
2403516,3
5243016,3
2543016,3
2453016,3
2435016,3
2430516,3
5023416,3
0523416,3
0253416,3
0235416,3
0234516,3
5203416,3
2503416,3
2053416,3
2035416,3
2034516,3
5230416,3
2530416,3
2350416,3
2305416,3
2304516,3
5234016,3
2534016,3
2354016,3
2345016,3
2340516,3
5041236,3
0541236,3
0451236,4
0415236,4
0412536,4
5401236,3
4501236,4
4051236,4
4015236,4
4012536,4
5410236,3
4510236,4
4150236,4
4105236,4
4102536,4
5412036,3
4512036,4
4152036,4
4125036,4
4120536,4
5014236,3
0514236,3
0154236,3
0145236,3
0142536,3
5104236,3
1504236,3
1054236,3
1045236,3
1042536,3
5140236,3
1540236,3
1450236,3
1405236,3
1402536,3
5142036,3
1542036,3
1452036,3
1425036,3
1420536,3
5012436,3
0512436,3
0152436,3
0125436,3
0124536,3
5102436,3
1502436,3
1052436,3
1025436,3
1024536,3
5120436,3
1520436,3
1250436,3
1205436,3
1204536,3
5124036,3
1524036,3
1254036,3
1245036,3
1240536,3
5042136,3
0542136,3
0452136,4
0425136,4
0421536,4
5402136,3
4502136,4
4052136,4
4025136,4
4021536,4
5420136,3
4520136,4
4250136,4
4205136,4
4201536,4
5421036,3
4521036,4
4251036,4
4215036,4
4210536,4
5024136,3
0524136,3
0254136,3
0245136,3
0241536,3
5204136,3
2504136,3
2054136,3
2045136,3
2041536,3
5240136,3
2540136,3
2450136,3
2405136,3
2401536,3
5241036,3
2541036,3
2451036,3
2415036,3
2410536,3
5021436,3
0521436,3
0251436,3
0215436,3
0214536,3
5201436,3
2501436,3
2051436,3
2015436,3
2014536,3
5210436,3
2510436,3
2150436,3
2105436,3
2104536,3
5214036,3
2514036,3
2154036,3
2145036,3
2140536,3
5041326,3
0541326,3
0451326,4
0415326,4
0413526,4
5401326,3
4501326,4
4051326,4
4015326,4
4013526,4
5410326,3
4510326,4
4150326,4
4105326,4
4103526,4
5413026,3
4513026,4
4153026,4
4135026,4
4130526,4
5014326,3
0514326,3
0154326,3
0145326,3
0143526,3
5104326,3
1504326,3
1054326,3
1045326,3
1043526,3
5140326,3
1540326,3
1450326,3
1405326,3
1403526,3
5143026,3
1543026,3
1453026,3
1435026,3
1430526,3
5013426,3
0513426,3
0153426,3
0135426,3
0134526,3
5103426,3
1503426,3
1053426,3
1035426,3
1034526,3
5130426,3
1530426,3
1350426,3
1305426,3
1304526,3
5134026,3
1534026,3
1354026,3
1345026,3
1340526,3
5043126,3
0543126,3
0453126,4
0435126,4
0431526,4
5403126,3
4503126,4
4053126,4
4035126,4
4031526,4
5430126,3
4530126,4
4350126,4
4305126,4
4301526,4
5431026,3
4531026,4
4351026,4
4315026,4
4310526,4
5034126,3
0534126,3
0354126,2
0345126,2
0341526,2
5304126,3
3504126,2
3054126,2
3045126,2
3041526,2
5340126,3
3540126,2
3450126,2
3405126,2
3401526,2
5341026,3
3541026,2
3451026,2
3415026,2
3410526,2
5031426,3
0531426,3
0351426,2
0315426,2
0314526,2
5301426,3
3501426,2
3051426,2
3015426,2
3014526,2
5310426,3
3510426,2
3150426,2
3105426,2
3104526,2
5314026,3
3514026,2
3154026,2
3145026,2
3140526,2
6543210,3
5643210,3
5463210,3
5436210,3
5432610,3
5432160,3
6453210,3
4653210,4
4563210,4
4536210,4
4532610,4
4532160,4
6345210,3
3645210,2
3465210,2
3456210,2
3452610,2
3452160,2
6435210,3
4635210,4
4365210,4
4356210,4
4352610,4
4352160,4
6354210,3
3654210,2
3564210,2
3546210,2
3542610,2
3542160,2
6534210,3
5634210,3
5364210,3
5346210,3
5342610,3
5342160,3
6234510,3
2634510,3
2364510,3
2346510,3
2345610,3
2345160,3
6324510,3
3624510,2
3264510,2
3246510,2
3245610,2
3245160,2
6342510,3
3642510,2
3462510,2
3426510,2
3425610,2
3425160,2
6243510,3
2643510,3
2463510,3
2436510,3
2435610,3
2435160,3
6423510,3
4623510,4
4263510,4
4236510,4
4235610,4
4235160,4
6432510,3
4632510,4
4362510,4
4326510,4
4325610,4
4325160,4
6254310,3
2654310,3
2564310,3
2546310,3
2543610,3
2543160,3
6524310,3
5624310,3
5264310,3
5246310,3
5243610,3
5243160,3
6542310,3
5642310,3
5462310,3
5426310,3
5423610,3
5423160,3
6245310,3
2645310,3
2465310,3
2456310,3
2453610,3
2453160,3
6425310,3
4625310,4
4265310,4
4256310,4
4253610,4
4253160,4
6452310,3
4652310,4
4562310,4
4526310,4
4523610,4
4523160,4
6253410,3
2653410,3
2563410,3
2536410,3
2534610,3
2534160,3
6523410,3
5623410,3
5263410,3
5236410,3
5234610,3
5234160,3
6532410,3
5632410,3
5362410,3
5326410,3
5324610,3
5324160,3
6235410,3
2635410,3
2365410,3
2356410,3
2354610,3
2354160,3
6325410,3
3625410,2
3265410,2
3256410,2
3254610,2
3254160,2
6352410,3
3652410,2
3562410,2
3526410,2
3524610,2
3524160,2
6123450,3
1623450,3
1263450,3
1236450,3
1234650,3
1234560,3
6213450,3
2613450,3
2163450,3
2136450,3
2134650,3
2134560,3
6231450,3
2631450,3
2361450,3
2316450,3
2314650,3
2314560,3
6234150,3
2634150,3
2364150,3
2346150,3
2341650,3
2341560,3
6132450,3
1632450,3
1362450,3
1326450,3
1324650,3
1324560,3
6312450,3
3612450,2
3162450,2
3126450,2
3124650,2
3124560,2
6321450,3
3621450,2
3261450,2
3216450,2
3214650,2
3214560,2
6324150,3
3624150,2
3264150,2
3246150,2
3241650,2
3241560,2
6143250,3
1643250,3
1463250,3
1436250,3
1432650,3
1432560,3
6413250,3
4613250,4
4163250,4
4136250,4
4132650,4
4132560,4
6431250,3
4631250,4
4361250,4
4316250,4
4312650,4
4312560,4
6432150,3
4632150,4
4362150,4
4326150,4
4321650,4
4321560,4
6134250,3
1634250,3
1364250,3
1346250,3
1342650,3
1342560,3
6314250,3
3614250,2
3164250,2
3146250,2
3142650,2
3142560,2
6341250,3
3641250,2
3461250,2
3416250,2
3412650,2
3412560,2
6342150,3
3642150,2
3462150,2
3426150,2
3421650,2
3421560,2
6142350,3
1642350,3
1462350,3
1426350,3
1423650,3
1423560,3
6412350,3
4612350,4
4162350,4
4126350,4
4123650,4
4123560,4
6421350,3
4621350,4
4261350,4
4216350,4
4213650,4
4213560,4
6423150,3
4623150,4
4263150,4
4236150,4
4231650,4
4231560,4
6124350,3
1624350,3
1264350,3
1246350,3
1243650,3
1243560,3
6214350,3
2614350,3
2164350,3
2146350,3
2143650,3
2143560,3
6241350,3
2641350,3
2461350,3
2416350,3
2413650,3
2413560,3
6243150,3
2643150,3
2463150,3
2436150,3
2431650,3
2431560,3
6154320,3
1654320,3
1564320,3
1546320,3
1543620,3
1543260,3
6514320,3
5614320,3
5164320,3
5146320,3
5143620,3
5143260,3
6541320,3
5641320,3
5461320,3
5416320,3
5413620,3
5413260,3
6543120,3
5643120,3
5463120,3
5436120,3
5431620,3
5431260,3
6145320,3
1645320,3
1465320,3
1456320,3
1453620,3
1453260,3
6415320,3
4615320,4
4165320,4
4156320,4
4153620,4
4153260,4
6451320,3
4651320,4
4561320,4
4516320,4
4513620,4
4513260,4
6453120,3
4653120,4
4563120,4
4536120,4
4531620,4
4531260,4
6143520,3
1643520,3
1463520,3
1436520,3
1435620,3
1435260,3
6413520,3
4613520,4
4163520,4
4136520,4
4135620,4
4135260,4
6431520,3
4631520,4
4361520,4
4316520,4
4315620,4
4315260,4
6435120,3
4635120,4
4365120,4
4356120,4
4351620,4
4351260,4
6153420,3
1653420,3
1563420,3
1536420,3
1534620,3
1534260,3
6513420,3
5613420,3
5163420,3
5136420,3
5134620,3
5134260,3
6531420,3
5631420,3
5361420,3
5316420,3
5314620,3
5314260,3
6534120,3
5634120,3
5364120,3
5346120,3
5341620,3
5341260,3
6135420,3
1635420,3
1365420,3
1356420,3
1354620,3
1354260,3
6315420,3
3615420,2
3165420,2
3156420,2
3154620,2
3154260,2
6351420,3
3651420,2
3561420,2
3516420,2
3514620,2
3514260,2
6354120,3
3654120,2
3564120,2
3546120,2
3541620,2
3541260,2
6134520,3
1634520,3
1364520,3
1346520,3
1345620,3
1345260,3
6314520,3
3614520,2
3164520,2
3146520,2
3145620,2
3145260,2
6341520,3
3641520,2
3461520,2
3416520,2
3415620,2
3415260,2
6345120,3
3645120,2
3465120,2
3456120,2
3451620,2
3451260,2
6152340,3
1652340,3
1562340,3
1526340,3
1523640,3
1523460,3
6512340,3
5612340,3
5162340,3
5126340,3
5123640,3
5123460,3
6521340,3
5621340,3
5261340,3
5216340,3
5213640,3
5213460,3
6523140,3
5623140,3
5263140,3
5236140,3
5231640,3
5231460,3
6125340,3
1625340,3
1265340,3
1256340,3
1253640,3
1253460,3
6215340,3
2615340,3
2165340,3
2156340,3
2153640,3
2153460,3
6251340,3
2651340,3
2561340,3
2516340,3
2513640,3
2513460,3
6253140,3
2653140,3
2563140,3
2536140,3
2531640,3
2531460,3
6123540,3
1623540,3
1263540,3
1236540,3
1235640,3
1235460,3
6213540,3
2613540,3
2163540,3
2136540,3
2135640,3
2135460,3
6231540,3
2631540,3
2361540,3
2316540,3
2315640,3
2315460,3
6235140,3
2635140,3
2365140,3
2356140,3
2351640,3
2351460,3
6153240,3
1653240,3
1563240,3
1536240,3
1532640,3
1532460,3
6513240,3
5613240,3
5163240,3
5136240,3
5132640,3
5132460,3
6531240,3
5631240,3
5361240,3
5316240,3
5312640,3
5312460,3
6532140,3
5632140,3
5362140,3
5326140,3
5321640,3
5321460,3
6135240,3
1635240,3
1365240,3
1356240,3
1352640,3
1352460,3
6315240,3
3615240,2
3165240,2
3156240,2
3152640,2
3152460,2
6351240,3
3651240,2
3561240,2
3516240,2
3512640,2
3512460,2
6352140,3
3652140,2
3562140,2
3526140,2
3521640,2
3521460,2
6132540,3
1632540,3
1362540,3
1326540,3
1325640,3
1325460,3
6312540,3
3612540,2
3162540,2
3126540,2
3125640,2
3125460,2
6321540,3
3621540,2
3261540,2
3216540,2
3215640,2
3215460,2
6325140,3
3625140,2
3265140,2
3256140,2
3251640,2
3251460,2
6152430,3
1652430,3
1562430,3
1526430,3
1524630,3
1524360,3
6512430,3
5612430,3
5162430,3
5126430,3
5124630,3
5124360,3
6521430,3
5621430,3
5261430,3
5216430,3
5214630,3
5214360,3
6524130,3
5624130,3
5264130,3
5246130,3
5241630,3
5241360,3
6125430,3
1625430,3
1265430,3
1256430,3
1254630,3
1254360,3
6215430,3
2615430,3
2165430,3
2156430,3
2154630,3
2154360,3
6251430,3
2651430,3
2561430,3
2516430,3
2514630,3
2514360,3
6254130,3
2654130,3
2564130,3
2546130,3
2541630,3
2541360,3
6124530,3
1624530,3
1264530,3
1246530,3
1245630,3
1245360,3
6214530,3
2614530,3
2164530,3
2146530,3
2145630,3
2145360,3
6241530,3
2641530,3
2461530,3
2416530,3
2415630,3
2415360,3
6245130,3
2645130,3
2465130,3
2456130,3
2451630,3
2451360,3
6154230,3
1654230,3
1564230,3
1546230,3
1542630,3
1542360,3
6514230,3
5614230,3
5164230,3
5146230,3
5142630,3
5142360,3
6541230,3
5641230,3
5461230,3
5416230,3
5412630,3
5412360,3
6542130,3
5642130,3
5462130,3
5426130,3
5421630,3
5421360,3
6145230,3
1645230,3
1465230,3
1456230,3
1452630,3
1452360,3
6415230,3
4615230,4
4165230,4
4156230,4
4152630,4
4152360,4
6451230,3
4651230,4
4561230,4
4516230,4
4512630,4
4512360,4
6452130,3
4652130,4
4562130,4
4526130,4
4521630,4
4521360,4
6142530,3
1642530,3
1462530,3
1426530,3
1425630,3
1425360,3
6412530,3
4612530,4
4162530,4
4126530,4
4125630,4
4125360,4
6421530,3
4621530,4
4261530,4
4216530,4
4215630,4
4215360,4
6425130,3
4625130,4
4265130,4
4256130,4
4251630,4
4251360,4
6012345,3
0612345,3
0162345,3
0126345,3
0123645,3
0123465,3
6102345,3
1602345,3
1062345,3
1026345,3
1023645,3
1023465,3
6120345,3
1620345,3
1260345,3
1206345,3
1203645,3
1203465,3
6123045,3
1623045,3
1263045,3
1236045,3
1230645,3
1230465,3
6123405,3
1623405,3
1263405,3
1236405,3
1234605,3
1234065,3
6021345,3
0621345,3
0261345,3
0216345,3
0213645,3
0213465,3
6201345,3
2601345,3
2061345,3
2016345,3
2013645,3
2013465,3
6210345,3
2610345,3
2160345,3
2106345,3
2103645,3
2103465,3
6213045,3
2613045,3
2163045,3
2136045,3
2130645,3
2130465,3
6213405,3
2613405,3
2163405,3
2136405,3
2134605,3
2134065,3
6032145,3
0632145,3
0362145,2
0326145,2
0321645,2
0321465,2
6302145,3
3602145,2
3062145,2
3026145,2
3021645,2
3021465,2
6320145,3
3620145,2
3260145,2
3206145,2
3201645,2
3201465,2
6321045,3
3621045,2
3261045,2
3216045,2
3210645,2
3210465,2
6321405,3
3621405,2
3261405,2
3216405,2
3214605,2
3214065,2
6023145,3
0623145,3
0263145,3
0236145,3
0231645,3
0231465,3
6203145,3
2603145,3
2063145,3
2036145,3
2031645,3
2031465,3
6230145,3
2630145,3
2360145,3
2306145,3
2301645,3
2301465,3
6231045,3
2631045,3
2361045,3
2316045,3
2310645,3
2310465,3
6231405,3
2631405,3
2361405,3
2316405,3
2314605,3
2314065,3
6031245,3
0631245,3
0361245,2
0316245,2
0312645,2
0312465,2
6301245,3
3601245,2
3061245,2
3016245,2
3012645,2
3012465,2
6310245,3
3610245,2
3160245,2
3106245,2
3102645,2
3102465,2
6312045,3
3612045,2
3162045,2
3126045,2
3120645,2
3120465,2
6312405,3
3612405,2
3162405,2
3126405,2
3124605,2
3124065,2
6013245,3
0613245,3
0163245,3
0136245,3
0132645,3
0132465,3
6103245,3
1603245,3
1063245,3
1036245,3
1032645,3
1032465,3
6130245,3
1630245,3
1360245,3
1306245,3
1302645,3
1302465,3
6132045,3
1632045,3
1362045,3
1326045,3
1320645,3
1320465,3
6132405,3
1632405,3
1362405,3
1326405,3
1324605,3
1324065,3
6043215,3
0643215,3
0463215,4
0436215,4
0432615,4
0432165,4
6403215,3
4603215,4
4063215,4
4036215,4
4032615,4
4032165,4
6430215,3
4630215,4
4360215,4
4306215,4
4302615,4
4302165,4
6432015,3
4632015,4
4362015,4
4326015,4
4320615,4
4320165,4
6432105,3
4632105,4
4362105,4
4326105,4
4321605,4
4321065,4
6034215,3
0634215,3
0364215,2
0346215,2
0342615,2
0342165,2
6304215,3
3604215,2
3064215,2
3046215,2
3042615,2
3042165,2
6340215,3
3640215,2
3460215,2
3406215,2
3402615,2
3402165,2
6342015,3
3642015,2
3462015,2
3426015,2
3420615,2
3420165,2
6342105,3
3642105,2
3462105,2
3426105,2
3421605,2
3421065,2
6032415,3
0632415,3
0362415,2
0326415,2
0324615,2
0324165,2
6302415,3
3602415,2
3062415,2
3026415,2
3024615,2
3024165,2
6320415,3
3620415,2
3260415,2
3206415,2
3204615,2
3204165,2
6324015,3
3624015,2
3264015,2
3246015,2
3240615,2
3240165,2
6324105,3
3624105,2
3264105,2
3246105,2
3241605,2
3241065,2
6042315,3
0642315,3
0462315,4
0426315,4
0423615,4
0423165,4
6402315,3
4602315,4
4062315,4
4026315,4
4023615,4
4023165,4
6420315,3
4620315,4
4260315,4
4206315,4
4203615,4
4203165,4
6423015,3
4623015,4
4263015,4
4236015,4
4230615,4
4230165,4
6423105,3
4623105,4
4263105,4
4236105,4
4231605,4
4231065,4
6024315,3
0624315,3
0264315,3
0246315,3
0243615,3
0243165,3
6204315,3
2604315,3
2064315,3
2046315,3
2043615,3
2043165,3
6240315,3
2640315,3
2460315,3
2406315,3
2403615,3
2403165,3
6243015,3
2643015,3
2463015,3
2436015,3
2430615,3
2430165,3
6243105,3
2643105,3
2463105,3
2436105,3
2431605,3
2431065,3
6023415,3
0623415,3
0263415,3
0236415,3
0234615,3
0234165,3
6203415,3
2603415,3
2063415,3
2036415,3
2034615,3
2034165,3
6230415,3
2630415,3
2360415,3
2306415,3
2304615,3
2304165,3
6234015,3
2634015,3
2364015,3
2346015,3
2340615,3
2340165,3
6234105,3
2634105,3
2364105,3
2346105,3
2341605,3
2341065,3
6041235,3
0641235,3
0461235,4
0416235,4
0412635,4
0412365,4
6401235,3
4601235,4
4061235,4
4016235,4
4012635,4
4012365,4
6410235,3
4610235,4
4160235,4
4106235,4
4102635,4
4102365,4
6412035,3
4612035,4
4162035,4
4126035,4
4120635,4
4120365,4
6412305,3
4612305,4
4162305,4
4126305,4
4123605,4
4123065,4
6014235,3
0614235,3
0164235,3
0146235,3
0142635,3
0142365,3
6104235,3
1604235,3
1064235,3
1046235,3
1042635,3
1042365,3
6140235,3
1640235,3
1460235,3
1406235,3
1402635,3
1402365,3
6142035,3
1642035,3
1462035,3
1426035,3
1420635,3
1420365,3
6142305,3
1642305,3
1462305,3
1426305,3
1423605,3
1423065,3
6012435,3
0612435,3
0162435,3
0126435,3
0124635,3
0124365,3
6102435,3
1602435,3
1062435,3
1026435,3
1024635,3
1024365,3
6120435,3
1620435,3
1260435,3
1206435,3
1204635,3
1204365,3
6124035,3
1624035,3
1264035,3
1246035,3
1240635,3
1240365,3
6124305,3
1624305,3
1264305,3
1246305,3
1243605,3
1243065,3
6042135,3
0642135,3
0462135,4
0426135,4
0421635,4
0421365,4
6402135,3
4602135,4
4062135,4
4026135,4
4021635,4
4021365,4
6420135,3
4620135,4
4260135,4
4206135,4
4201635,4
4201365,4
6421035,3
4621035,4
4261035,4
4216035,4
4210635,4
4210365,4
6421305,3
4621305,4
4261305,4
4216305,4
4213605,4
4213065,4
6024135,3
0624135,3
0264135,3
0246135,3
0241635,3
0241365,3
6204135,3
2604135,3
2064135,3
2046135,3
2041635,3
2041365,3
6240135,3
2640135,3
2460135,3
2406135,3
2401635,3
2401365,3
6241035,3
2641035,3
2461035,3
2416035,3
2410635,3
2410365,3
6241305,3
2641305,3
2461305,3
2416305,3
2413605,3
2413065,3
6021435,3
0621435,3
0261435,3
0216435,3
0214635,3
0214365,3
6201435,3
2601435,3
2061435,3
2016435,3
2014635,3
2014365,3
6210435,3
2610435,3
2160435,3
2106435,3
2104635,3
2104365,3
6214035,3
2614035,3
2164035,3
2146035,3
2140635,3
2140365,3
6214305,3
2614305,3
2164305,3
2146305,3
2143605,3
2143065,3
6041325,3
0641325,3
0461325,4
0416325,4
0413625,4
0413265,4
6401325,3
4601325,4
4061325,4
4016325,4
4013625,4
4013265,4
6410325,3
4610325,4
4160325,4
4106325,4
4103625,4
4103265,4
6413025,3
4613025,4
4163025,4
4136025,4
4130625,4
4130265,4
6413205,3
4613205,4
4163205,4
4136205,4
4132605,4
4132065,4
6014325,3
0614325,3
0164325,3
0146325,3
0143625,3
0143265,3
6104325,3
1604325,3
1064325,3
1046325,3
1043625,3
1043265,3
6140325,3
1640325,3
1460325,3
1406325,3
1403625,3
1403265,3
6143025,3
1643025,3
1463025,3
1436025,3
1430625,3
1430265,3
6143205,3
1643205,3
1463205,3
1436205,3
1432605,3
1432065,3
6013425,3
0613425,3
0163425,3
0136425,3
0134625,3
0134265,3
6103425,3
1603425,3
1063425,3
1036425,3
1034625,3
1034265,3
6130425,3
1630425,3
1360425,3
1306425,3
1304625,3
1304265,3
6134025,3
1634025,3
1364025,3
1346025,3
1340625,3
1340265,3
6134205,3
1634205,3
1364205,3
1346205,3
1342605,3
1342065,3
6043125,3
0643125,3
0463125,4
0436125,4
0431625,4
0431265,4
6403125,3
4603125,4
4063125,4
4036125,4
4031625,4
4031265,4
6430125,3
4630125,4
4360125,4
4306125,4
4301625,4
4301265,4
6431025,3
4631025,4
4361025,4
4316025,4
4310625,4
4310265,4
6431205,3
4631205,4
4361205,4
4316205,4
4312605,4
4312065,4
6034125,3
0634125,3
0364125,2
0346125,2
0341625,2
0341265,2
6304125,3
3604125,2
3064125,2
3046125,2
3041625,2
3041265,2
6340125,3
3640125,2
3460125,2
3406125,2
3401625,2
3401265,2
6341025,3
3641025,2
3461025,2
3416025,2
3410625,2
3410265,2
6341205,3
3641205,2
3461205,2
3416205,2
3412605,2
3412065,2
6031425,3
0631425,3
0361425,2
0316425,2
0314625,2
0314265,2
6301425,3
3601425,2
3061425,2
3016425,2
3014625,2
3014265,2
6310425,3
3610425,2
3160425,2
3106425,2
3104625,2
3104265,2
6314025,3
3614025,2
3164025,2
3146025,2
3140625,2
3140265,2
6314205,3
3614205,2
3164205,2
3146205,2
3142605,2
3142065,2
6054321,3
0654321,3
0564321,3
0546321,3
0543621,3
0543261,3
6504321,3
5604321,3
5064321,3
5046321,3
5043621,3
5043261,3
6540321,3
5640321,3
5460321,3
5406321,3
5403621,3
5403261,3
6543021,3
5643021,3
5463021,3
5436021,3
5430621,3
5430261,3
6543201,3
5643201,3
5463201,3
5436201,3
5432601,3
5432061,3
6045321,3
0645321,3
0465321,4
0456321,4
0453621,4
0453261,4
6405321,3
4605321,4
4065321,4
4056321,4
4053621,4
4053261,4
6450321,3
4650321,4
4560321,4
4506321,4
4503621,4
4503261,4
6453021,3
4653021,4
4563021,4
4536021,4
4530621,4
4530261,4
6453201,3
4653201,4
4563201,4
4536201,4
4532601,4
4532061,4
6043521,3
0643521,3
0463521,4
0436521,4
0435621,4
0435261,4
6403521,3
4603521,4
4063521,4
4036521,4
4035621,4
4035261,4
6430521,3
4630521,4
4360521,4
4306521,4
4305621,4
4305261,4
6435021,3
4635021,4
4365021,4
4356021,4
4350621,4
4350261,4
6435201,3
4635201,4
4365201,4
4356201,4
4352601,4
4352061,4
6043251,3
0643251,3
0463251,4
0436251,4
0432651,4
0432561,4
6403251,3
4603251,4
4063251,4
4036251,4
4032651,4
4032561,4
6430251,3
4630251,4
4360251,4
4306251,4
4302651,4
4302561,4
6432051,3
4632051,4
4362051,4
4326051,4
4320651,4
4320561,4
6432501,3
4632501,4
4362501,4
4326501,4
4325601,4
4325061,4
6053421,3
0653421,3
0563421,3
0536421,3
0534621,3
0534261,3
6503421,3
5603421,3
5063421,3
5036421,3
5034621,3
5034261,3
6530421,3
5630421,3
5360421,3
5306421,3
5304621,3
5304261,3
6534021,3
5634021,3
5364021,3
5346021,3
5340621,3
5340261,3
6534201,3
5634201,3
5364201,3
5346201,3
5342601,3
5342061,3
6035421,3
0635421,3
0365421,2
0356421,2
0354621,2
0354261,2
6305421,3
3605421,2
3065421,2
3056421,2
3054621,2
3054261,2
6350421,3
3650421,2
3560421,2
3506421,2
3504621,2
3504261,2
6354021,3
3654021,2
3564021,2
3546021,2
3540621,2
3540261,2
6354201,3
3654201,2
3564201,2
3546201,2
3542601,2
3542061,2
6034521,3
0634521,3
0364521,2
0346521,2
0345621,2
0345261,2
6304521,3
3604521,2
3064521,2
3046521,2
3045621,2
3045261,2
6340521,3
3640521,2
3460521,2
3406521,2
3405621,2
3405261,2
6345021,3
3645021,2
3465021,2
3456021,2
3450621,2
3450261,2
6345201,3
3645201,2
3465201,2
3456201,2
3452601,2
3452061,2
6034251,3
0634251,3
0364251,2
0346251,2
0342651,2
0342561,2
6304251,3
3604251,2
3064251,2
3046251,2
3042651,2
3042561,2
6340251,3
3640251,2
3460251,2
3406251,2
3402651,2
3402561,2
6342051,3
3642051,2
3462051,2
3426051,2
3420651,2
3420561,2
6342501,3
3642501,2
3462501,2
3426501,2
3425601,2
3425061,2
6052341,3
0652341,3
0562341,3
0526341,3
0523641,3
0523461,3
6502341,3
5602341,3
5062341,3
5026341,3
5023641,3
5023461,3
6520341,3
5620341,3
5260341,3
5206341,3
5203641,3
5203461,3
6523041,3
5623041,3
5263041,3
5236041,3
5230641,3
5230461,3
6523401,3
5623401,3
5263401,3
5236401,3
5234601,3
5234061,3
6025341,3
0625341,3
0265341,3
0256341,3
0253641,3
0253461,3
6205341,3
2605341,3
2065341,3
2056341,3
2053641,3
2053461,3
6250341,3
2650341,3
2560341,3
2506341,3
2503641,3
2503461,3
6253041,3
2653041,3
2563041,3
2536041,3
2530641,3
2530461,3
6253401,3
2653401,3
2563401,3
2536401,3
2534601,3
2534061,3
6023541,3
0623541,3
0263541,3
0236541,3
0235641,3
0235461,3
6203541,3
2603541,3
2063541,3
2036541,3
2035641,3
2035461,3
6230541,3
2630541,3
2360541,3
2306541,3
2305641,3
2305461,3
6235041,3
2635041,3
2365041,3
2356041,3
2350641,3
2350461,3
6235401,3
2635401,3
2365401,3
2356401,3
2354601,3
2354061,3
6023451,3
0623451,3
0263451,3
0236451,3
0234651,3
0234561,3
6203451,3
2603451,3
2063451,3
2036451,3
2034651,3
2034561,3
6230451,3
2630451,3
2360451,3
2306451,3
2304651,3
2304561,3
6234051,3
2634051,3
2364051,3
2346051,3
2340651,3
2340561,3
6234501,3
2634501,3
2364501,3
2346501,3
2345601,3
2345061,3
6053241,3
0653241,3
0563241,3
0536241,3
0532641,3
0532461,3
6503241,3
5603241,3
5063241,3
5036241,3
5032641,3
5032461,3
6530241,3
5630241,3
5360241,3
5306241,3
5302641,3
5302461,3
6532041,3
5632041,3
5362041,3
5326041,3
5320641,3
5320461,3
6532401,3
5632401,3
5362401,3
5326401,3
5324601,3
5324061,3
6035241,3
0635241,3
0365241,2
0356241,2
0352641,2
0352461,2
6305241,3
3605241,2
3065241,2
3056241,2
3052641,2
3052461,2
6350241,3
3650241,2
3560241,2
3506241,2
3502641,2
3502461,2
6352041,3
3652041,2
3562041,2
3526041,2
3520641,2
3520461,2
6352401,3
3652401,2
3562401,2
3526401,2
3524601,2
3524061,2
6032541,3
0632541,3
0362541,2
0326541,2
0325641,2
0325461,2
6302541,3
3602541,2
3062541,2
3026541,2
3025641,2
3025461,2
6320541,3
3620541,2
3260541,2
3206541,2
3205641,2
3205461,2
6325041,3
3625041,2
3265041,2
3256041,2
3250641,2
3250461,2
6325401,3
3625401,2
3265401,2
3256401,2
3254601,2
3254061,2
6032451,3
0632451,3
0362451,2
0326451,2
0324651,2
0324561,2
6302451,3
3602451,2
3062451,2
3026451,2
3024651,2
3024561,2
6320451,3
3620451,2
3260451,2
3206451,2
3204651,2
3204561,2
6324051,3
3624051,2
3264051,2
3246051,2
3240651,2
3240561,2
6324501,3
3624501,2
3264501,2
3246501,2
3245601,2
3245061,2
6052431,3
0652431,3
0562431,3
0526431,3
0524631,3
0524361,3
6502431,3
5602431,3
5062431,3
5026431,3
5024631,3
5024361,3
6520431,3
5620431,3
5260431,3
5206431,3
5204631,3
5204361,3
6524031,3
5624031,3
5264031,3
5246031,3
5240631,3
5240361,3
6524301,3
5624301,3
5264301,3
5246301,3
5243601,3
5243061,3
6025431,3
0625431,3
0265431,3
0256431,3
0254631,3
0254361,3
6205431,3
2605431,3
2065431,3
2056431,3
2054631,3
2054361,3
6250431,3
2650431,3
2560431,3
2506431,3
2504631,3
2504361,3
6254031,3
2654031,3
2564031,3
2546031,3
2540631,3
2540361,3
6254301,3
2654301,3
2564301,3
2546301,3
2543601,3
2543061,3
6024531,3
0624531,3
0264531,3
0246531,3
0245631,3
0245361,3
6204531,3
2604531,3
2064531,3
2046531,3
2045631,3
2045361,3
6240531,3
2640531,3
2460531,3
2406531,3
2405631,3
2405361,3
6245031,3
2645031,3
2465031,3
2456031,3
2450631,3
2450361,3
6245301,3
2645301,3
2465301,3
2456301,3
2453601,3
2453061,3
6024351,3
0624351,3
0264351,3
0246351,3
0243651,3
0243561,3
6204351,3
2604351,3
2064351,3
2046351,3
2043651,3
2043561,3
6240351,3
2640351,3
2460351,3
2406351,3
2403651,3
2403561,3
6243051,3
2643051,3
2463051,3
2436051,3
2430651,3
2430561,3
6243501,3
2643501,3
2463501,3
2436501,3
2435601,3
2435061,3
6054231,3
0654231,3
0564231,3
0546231,3
0542631,3
0542361,3
6504231,3
5604231,3
5064231,3
5046231,3
5042631,3
5042361,3
6540231,3
5640231,3
5460231,3
5406231,3
5402631,3
5402361,3
6542031,3
5642031,3
5462031,3
5426031,3
5420631,3
5420361,3
6542301,3
5642301,3
5462301,3
5426301,3
5423601,3
5423061,3
6045231,3
0645231,3
0465231,4
0456231,4
0452631,4
0452361,4
6405231,3
4605231,4
4065231,4
4056231,4
4052631,4
4052361,4
6450231,3
4650231,4
4560231,4
4506231,4
4502631,4
4502361,4
6452031,3
4652031,4
4562031,4
4526031,4
4520631,4
4520361,4
6452301,3
4652301,4
4562301,4
4526301,4
4523601,4
4523061,4
6042531,3
0642531,3
0462531,4
0426531,4
0425631,4
0425361,4
6402531,3
4602531,4
4062531,4
4026531,4
4025631,4
4025361,4
6420531,3
4620531,4
4260531,4
4206531,4
4205631,4
4205361,4
6425031,3
4625031,4
4265031,4
4256031,4
4250631,4
4250361,4
6425301,3
4625301,4
4265301,4
4256301,4
4253601,4
4253061,4
6042351,3
0642351,3
0462351,4
0426351,4
0423651,4
0423561,4
6402351,3
4602351,4
4062351,4
4026351,4
4023651,4
4023561,4
6420351,3
4620351,4
4260351,4
4206351,4
4203651,4
4203561,4
6423051,3
4623051,4
4263051,4
4236051,4
4230651,4
4230561,4
6423501,3
4623501,4
4263501,4
4236501,4
4235601,4
4235061,4
6051234,3
0651234,3
0561234,3
0516234,3
0512634,3
0512364,3
6501234,3
5601234,3
5061234,3
5016234,3
5012634,3
5012364,3
6510234,3
5610234,3
5160234,3
5106234,3
5102634,3
5102364,3
6512034,3
5612034,3
5162034,3
5126034,3
5120634,3
5120364,3
6512304,3
5612304,3
5162304,3
5126304,3
5123604,3
5123064,3
6015234,3
0615234,3
0165234,3
0156234,3
0152634,3
0152364,3
6105234,3
1605234,3
1065234,3
1056234,3
1052634,3
1052364,3
6150234,3
1650234,3
1560234,3
1506234,3
1502634,3
1502364,3
6152034,3
1652034,3
1562034,3
1526034,3
1520634,3
1520364,3
6152304,3
1652304,3
1562304,3
1526304,3
1523604,3
1523064,3
6012534,3
0612534,3
0162534,3
0126534,3
0125634,3
0125364,3
6102534,3
1602534,3
1062534,3
1026534,3
1025634,3
1025364,3
6120534,3
1620534,3
1260534,3
1206534,3
1205634,3
1205364,3
6125034,3
1625034,3
1265034,3
1256034,3
1250634,3
1250364,3
6125304,3
1625304,3
1265304,3
1256304,3
1253604,3
1253064,3
6012354,3
0612354,3
0162354,3
0126354,3
0123654,3
0123564,3
6102354,3
1602354,3
1062354,3
1026354,3
1023654,3
1023564,3
6120354,3
1620354,3
1260354,3
1206354,3
1203654,3
1203564,3
6123054,3
1623054,3
1263054,3
1236054,3
1230654,3
1230564,3
6123504,3
1623504,3
1263504,3
1236504,3
1235604,3
1235064,3
6052134,3
0652134,3
0562134,3
0526134,3
0521634,3
0521364,3
6502134,3
5602134,3
5062134,3
5026134,3
5021634,3
5021364,3
6520134,3
5620134,3
5260134,3
5206134,3
5201634,3
5201364,3
6521034,3
5621034,3
5261034,3
5216034,3
5210634,3
5210364,3
6521304,3
5621304,3
5261304,3
5216304,3
5213604,3
5213064,3
6025134,3
0625134,3
0265134,3
0256134,3
0251634,3
0251364,3
6205134,3
2605134,3
2065134,3
2056134,3
2051634,3
2051364,3
6250134,3
2650134,3
2560134,3
2506134,3
2501634,3
2501364,3
6251034,3
2651034,3
2561034,3
2516034,3
2510634,3
2510364,3
6251304,3
2651304,3
2561304,3
2516304,3
2513604,3
2513064,3
6021534,3
0621534,3
0261534,3
0216534,3
0215634,3
0215364,3
6201534,3
2601534,3
2061534,3
2016534,3
2015634,3
2015364,3
6210534,3
2610534,3
2160534,3
2106534,3
2105634,3
2105364,3
6215034,3
2615034,3
2165034,3
2156034,3
2150634,3
2150364,3
6215304,3
2615304,3
2165304,3
2156304,3
2153604,3
2153064,3
6021354,3
0621354,3
0261354,3
0216354,3
0213654,3
0213564,3
6201354,3
2601354,3
2061354,3
2016354,3
2013654,3
2013564,3
6210354,3
2610354,3
2160354,3
2106354,3
2103654,3
2103564,3
6213054,3
2613054,3
2163054,3
2136054,3
2130654,3
2130564,3
6213504,3
2613504,3
2163504,3
2136504,3
2135604,3
2135064,3
6052314,3
0652314,3
0562314,3
0526314,3
0523614,3
0523164,3
6502314,3
5602314,3
5062314,3
5026314,3
5023614,3
5023164,3
6520314,3
5620314,3
5260314,3
5206314,3
5203614,3
5203164,3
6523014,3
5623014,3
5263014,3
5236014,3
5230614,3
5230164,3
6523104,3
5623104,3
5263104,3
5236104,3
5231604,3
5231064,3
6025314,3
0625314,3
0265314,3
0256314,3
0253614,3
0253164,3
6205314,3
2605314,3
2065314,3
2056314,3
2053614,3
2053164,3
6250314,3
2650314,3
2560314,3
2506314,3
2503614,3
2503164,3
6253014,3
2653014,3
2563014,3
2536014,3
2530614,3
2530164,3
6253104,3
2653104,3
2563104,3
2536104,3
2531604,3
2531064,3
6023514,3
0623514,3
0263514,3
0236514,3
0235614,3
0235164,3
6203514,3
2603514,3
2063514,3
2036514,3
2035614,3
2035164,3
6230514,3
2630514,3
2360514,3
2306514,3
2305614,3
2305164,3
6235014,3
2635014,3
2365014,3
2356014,3
2350614,3
2350164,3
6235104,3
2635104,3
2365104,3
2356104,3
2351604,3
2351064,3
6023154,3
0623154,3
0263154,3
0236154,3
0231654,3
0231564,3
6203154,3
2603154,3
2063154,3
2036154,3
2031654,3
2031564,3
6230154,3
2630154,3
2360154,3
2306154,3
2301654,3
2301564,3
6231054,3
2631054,3
2361054,3
2316054,3
2310654,3
2310564,3
6231504,3
2631504,3
2361504,3
2316504,3
2315604,3
2315064,3
6051324,3
0651324,3
0561324,3
0516324,3
0513624,3
0513264,3
6501324,3
5601324,3
5061324,3
5016324,3
5013624,3
5013264,3
6510324,3
5610324,3
5160324,3
5106324,3
5103624,3
5103264,3
6513024,3
5613024,3
5163024,3
5136024,3
5130624,3
5130264,3
6513204,3
5613204,3
5163204,3
5136204,3
5132604,3
5132064,3
6015324,3
0615324,3
0165324,3
0156324,3
0153624,3
0153264,3
6105324,3
1605324,3
1065324,3
1056324,3
1053624,3
1053264,3
6150324,3
1650324,3
1560324,3
1506324,3
1503624,3
1503264,3
6153024,3
1653024,3
1563024,3
1536024,3
1530624,3
1530264,3
6153204,3
1653204,3
1563204,3
1536204,3
1532604,3
1532064,3
6013524,3
0613524,3
0163524,3
0136524,3
0135624,3
0135264,3
6103524,3
1603524,3
1063524,3
1036524,3
1035624,3
1035264,3
6130524,3
1630524,3
1360524,3
1306524,3
1305624,3
1305264,3
6135024,3
1635024,3
1365024,3
1356024,3
1350624,3
1350264,3
6135204,3
1635204,3
1365204,3
1356204,3
1352604,3
1352064,3
6013254,3
0613254,3
0163254,3
0136254,3
0132654,3
0132564,3
6103254,3
1603254,3
1063254,3
1036254,3
1032654,3
1032564,3
6130254,3
1630254,3
1360254,3
1306254,3
1302654,3
1302564,3
6132054,3
1632054,3
1362054,3
1326054,3
1320654,3
1320564,3
6132504,3
1632504,3
1362504,3
1326504,3
1325604,3
1325064,3
6053124,3
0653124,3
0563124,3
0536124,3
0531624,3
0531264,3
6503124,3
5603124,3
5063124,3
5036124,3
5031624,3
5031264,3
6530124,3
5630124,3
5360124,3
5306124,3
5301624,3
5301264,3
6531024,3
5631024,3
5361024,3
5316024,3
5310624,3
5310264,3
6531204,3
5631204,3
5361204,3
5316204,3
5312604,3
5312064,3
6035124,3
0635124,3
0365124,2
0356124,2
0351624,2
0351264,2
6305124,3
3605124,2
3065124,2
3056124,2
3051624,2
3051264,2
6350124,3
3650124,2
3560124,2
3506124,2
3501624,2
3501264,2
6351024,3
3651024,2
3561024,2
3516024,2
3510624,2
3510264,2
6351204,3
3651204,2
3561204,2
3516204,2
3512604,2
3512064,2
6031524,3
0631524,3
0361524,2
0316524,2
0315624,2
0315264,2
6301524,3
3601524,2
3061524,2
3016524,2
3015624,2
3015264,2
6310524,3
3610524,2
3160524,2
3106524,2
3105624,2
3105264,2
6315024,3
3615024,2
3165024,2
3156024,2
3150624,2
3150264,2
6315204,3
3615204,2
3165204,2
3156204,2
3152604,2
3152064,2
6031254,3
0631254,3
0361254,2
0316254,2
0312654,2
0312564,2
6301254,3
3601254,2
3061254,2
3016254,2
3012654,2
3012564,2
6310254,3
3610254,2
3160254,2
3106254,2
3102654,2
3102564,2
6312054,3
3612054,2
3162054,2
3126054,2
3120654,2
3120564,2
6312504,3
3612504,2
3162504,2
3126504,2
3125604,2
3125064,2
6053214,3
0653214,3
0563214,3
0536214,3
0532614,3
0532164,3
6503214,3
5603214,3
5063214,3
5036214,3
5032614,3
5032164,3
6530214,3
5630214,3
5360214,3
5306214,3
5302614,3
5302164,3
6532014,3
5632014,3
5362014,3
5326014,3
5320614,3
5320164,3
6532104,3
5632104,3
5362104,3
5326104,3
5321604,3
5321064,3
6035214,3
0635214,3
0365214,2
0356214,2
0352614,2
0352164,2
6305214,3
3605214,2
3065214,2
3056214,2
3052614,2
3052164,2
6350214,3
3650214,2
3560214,2
3506214,2
3502614,2
3502164,2
6352014,3
3652014,2
3562014,2
3526014,2
3520614,2
3520164,2
6352104,3
3652104,2
3562104,2
3526104,2
3521604,2
3521064,2
6032514,3
0632514,3
0362514,2
0326514,2
0325614,2
0325164,2
6302514,3
3602514,2
3062514,2
3026514,2
3025614,2
3025164,2
6320514,3
3620514,2
3260514,2
3206514,2
3205614,2
3205164,2
6325014,3
3625014,2
3265014,2
3256014,2
3250614,2
3250164,2
6325104,3
3625104,2
3265104,2
3256104,2
3251604,2
3251064,2
6032154,3
0632154,3
0362154,2
0326154,2
0321654,2
0321564,2
6302154,3
3602154,2
3062154,2
3026154,2
3021654,2
3021564,2
6320154,3
3620154,2
3260154,2
3206154,2
3201654,2
3201564,2
6321054,3
3621054,2
3261054,2
3216054,2
3210654,2
3210564,2
6321504,3
3621504,2
3261504,2
3216504,2
3215604,2
3215064,2
6051432,3
0651432,3
0561432,3
0516432,3
0514632,3
0514362,3
6501432,3
5601432,3
5061432,3
5016432,3
5014632,3
5014362,3
6510432,3
5610432,3
5160432,3
5106432,3
5104632,3
5104362,3
6514032,3
5614032,3
5164032,3
5146032,3
5140632,3
5140362,3
6514302,3
5614302,3
5164302,3
5146302,3
5143602,3
5143062,3
6015432,3
0615432,3
0165432,3
0156432,3
0154632,3
0154362,3
6105432,3
1605432,3
1065432,3
1056432,3
1054632,3
1054362,3
6150432,3
1650432,3
1560432,3
1506432,3
1504632,3
1504362,3
6154032,3
1654032,3
1564032,3
1546032,3
1540632,3
1540362,3
6154302,3
1654302,3
1564302,3
1546302,3
1543602,3
1543062,3
6014532,3
0614532,3
0164532,3
0146532,3
0145632,3
0145362,3
6104532,3
1604532,3
1064532,3
1046532,3
1045632,3
1045362,3
6140532,3
1640532,3
1460532,3
1406532,3
1405632,3
1405362,3
6145032,3
1645032,3
1465032,3
1456032,3
1450632,3
1450362,3
6145302,3
1645302,3
1465302,3
1456302,3
1453602,3
1453062,3
6014352,3
0614352,3
0164352,3
0146352,3
0143652,3
0143562,3
6104352,3
1604352,3
1064352,3
1046352,3
1043652,3
1043562,3
6140352,3
1640352,3
1460352,3
1406352,3
1403652,3
1403562,3
6143052,3
1643052,3
1463052,3
1436052,3
1430652,3
1430562,3
6143502,3
1643502,3
1463502,3
1436502,3
1435602,3
1435062,3
6054132,3
0654132,3
0564132,3
0546132,3
0541632,3
0541362,3
6504132,3
5604132,3
5064132,3
5046132,3
5041632,3
5041362,3
6540132,3
5640132,3
5460132,3
5406132,3
5401632,3
5401362,3
6541032,3
5641032,3
5461032,3
5416032,3
5410632,3
5410362,3
6541302,3
5641302,3
5461302,3
5416302,3
5413602,3
5413062,3
6045132,3
0645132,3
0465132,4
0456132,4
0451632,4
0451362,4
6405132,3
4605132,4
4065132,4
4056132,4
4051632,4
4051362,4
6450132,3
4650132,4
4560132,4
4506132,4
4501632,4
4501362,4
6451032,3
4651032,4
4561032,4
4516032,4
4510632,4
4510362,4
6451302,3
4651302,4
4561302,4
4516302,4
4513602,4
4513062,4
6041532,3
0641532,3
0461532,4
0416532,4
0415632,4
0415362,4
6401532,3
4601532,4
4061532,4
4016532,4
4015632,4
4015362,4
6410532,3
4610532,4
4160532,4
4106532,4
4105632,4
4105362,4
6415032,3
4615032,4
4165032,4
4156032,4
4150632,4
4150362,4
6415302,3
4615302,4
4165302,4
4156302,4
4153602,4
4153062,4
6041352,3
0641352,3
0461352,4
0416352,4
0413652,4
0413562,4
6401352,3
4601352,4
4061352,4
4016352,4
4013652,4
4013562,4
6410352,3
4610352,4
4160352,4
4106352,4
4103652,4
4103562,4
6413052,3
4613052,4
4163052,4
4136052,4
4130652,4
4130562,4
6413502,3
4613502,4
4163502,4
4136502,4
4135602,4
4135062,4
6054312,3
0654312,3
0564312,3
0546312,3
0543612,3
0543162,3
6504312,3
5604312,3
5064312,3
5046312,3
5043612,3
5043162,3
6540312,3
5640312,3
5460312,3
5406312,3
5403612,3
5403162,3
6543012,3
5643012,3
5463012,3
5436012,3
5430612,3
5430162,3
6543102,3
5643102,3
5463102,3
5436102,3
5431602,3
5431062,3
6045312,3
0645312,3
0465312,4
0456312,4
0453612,4
0453162,4
6405312,3
4605312,4
4065312,4
4056312,4
4053612,4
4053162,4
6450312,3
4650312,4
4560312,4
4506312,4
4503612,4
4503162,4
6453012,3
4653012,4
4563012,4
4536012,4
4530612,4
4530162,4
6453102,3
4653102,4
4563102,4
4536102,4
4531602,4
4531062,4
6043512,3
0643512,3
0463512,4
0436512,4
0435612,4
0435162,4
6403512,3
4603512,4
4063512,4
4036512,4
4035612,4
4035162,4
6430512,3
4630512,4
4360512,4
4306512,4
4305612,4
4305162,4
6435012,3
4635012,4
4365012,4
4356012,4
4350612,4
4350162,4
6435102,3
4635102,4
4365102,4
4356102,4
4351602,4
4351062,4
6043152,3
0643152,3
0463152,4
0436152,4
0431652,4
0431562,4
6403152,3
4603152,4
4063152,4
4036152,4
4031652,4
4031562,4
6430152,3
4630152,4
4360152,4
4306152,4
4301652,4
4301562,4
6431052,3
4631052,4
4361052,4
4316052,4
4310652,4
4310562,4
6431502,3
4631502,4
4361502,4
4316502,4
4315602,4
4315062,4
6051342,3
0651342,3
0561342,3
0516342,3
0513642,3
0513462,3
6501342,3
5601342,3
5061342,3
5016342,3
5013642,3
5013462,3
6510342,3
5610342,3
5160342,3
5106342,3
5103642,3
5103462,3
6513042,3
5613042,3
5163042,3
5136042,3
5130642,3
5130462,3
6513402,3
5613402,3
5163402,3
5136402,3
5134602,3
5134062,3
6015342,3
0615342,3
0165342,3
0156342,3
0153642,3
0153462,3
6105342,3
1605342,3
1065342,3
1056342,3
1053642,3
1053462,3
6150342,3
1650342,3
1560342,3
1506342,3
1503642,3
1503462,3
6153042,3
1653042,3
1563042,3
1536042,3
1530642,3
1530462,3
6153402,3
1653402,3
1563402,3
1536402,3
1534602,3
1534062,3
6013542,3
0613542,3
0163542,3
0136542,3
0135642,3
0135462,3
6103542,3
1603542,3
1063542,3
1036542,3
1035642,3
1035462,3
6130542,3
1630542,3
1360542,3
1306542,3
1305642,3
1305462,3
6135042,3
1635042,3
1365042,3
1356042,3
1350642,3
1350462,3
6135402,3
1635402,3
1365402,3
1356402,3
1354602,3
1354062,3
6013452,3
0613452,3
0163452,3
0136452,3
0134652,3
0134562,3
6103452,3
1603452,3
1063452,3
1036452,3
1034652,3
1034562,3
6130452,3
1630452,3
1360452,3
1306452,3
1304652,3
1304562,3
6134052,3
1634052,3
1364052,3
1346052,3
1340652,3
1340562,3
6134502,3
1634502,3
1364502,3
1346502,3
1345602,3
1345062,3
6053142,3
0653142,3
0563142,3
0536142,3
0531642,3
0531462,3
6503142,3
5603142,3
5063142,3
5036142,3
5031642,3
5031462,3
6530142,3
5630142,3
5360142,3
5306142,3
5301642,3
5301462,3
6531042,3
5631042,3
5361042,3
5316042,3
5310642,3
5310462,3
6531402,3
5631402,3
5361402,3
5316402,3
5314602,3
5314062,3
6035142,3
0635142,3
0365142,2
0356142,2
0351642,2
0351462,2
6305142,3
3605142,2
3065142,2
3056142,2
3051642,2
3051462,2
6350142,3
3650142,2
3560142,2
3506142,2
3501642,2
3501462,2
6351042,3
3651042,2
3561042,2
3516042,2
3510642,2
3510462,2
6351402,3
3651402,2
3561402,2
3516402,2
3514602,2
3514062,2
6031542,3
0631542,3
0361542,2
0316542,2
0315642,2
0315462,2
6301542,3
3601542,2
3061542,2
3016542,2
3015642,2
3015462,2
6310542,3
3610542,2
3160542,2
3106542,2
3105642,2
3105462,2
6315042,3
3615042,2
3165042,2
3156042,2
3150642,2
3150462,2
6315402,3
3615402,2
3165402,2
3156402,2
3154602,2
3154062,2
6031452,3
0631452,3
0361452,2
0316452,2
0314652,2
0314562,2
6301452,3
3601452,2
3061452,2
3016452,2
3014652,2
3014562,2
6310452,3
3610452,2
3160452,2
3106452,2
3104652,2
3104562,2
6314052,3
3614052,2
3164052,2
3146052,2
3140652,2
3140562,2
6314502,3
3614502,2
3164502,2
3146502,2
3145602,2
3145062,2
6053412,3
0653412,3
0563412,3
0536412,3
0534612,3
0534162,3
6503412,3
5603412,3
5063412,3
5036412,3
5034612,3
5034162,3
6530412,3
5630412,3
5360412,3
5306412,3
5304612,3
5304162,3
6534012,3
5634012,3
5364012,3
5346012,3
5340612,3
5340162,3
6534102,3
5634102,3
5364102,3
5346102,3
5341602,3
5341062,3
6035412,3
0635412,3
0365412,2
0356412,2
0354612,2
0354162,2
6305412,3
3605412,2
3065412,2
3056412,2
3054612,2
3054162,2
6350412,3
3650412,2
3560412,2
3506412,2
3504612,2
3504162,2
6354012,3
3654012,2
3564012,2
3546012,2
3540612,2
3540162,2
6354102,3
3654102,2
3564102,2
3546102,2
3541602,2
3541062,2
6034512,3
0634512,3
0364512,2
0346512,2
0345612,2
0345162,2
6304512,3
3604512,2
3064512,2
3046512,2
3045612,2
3045162,2
6340512,3
3640512,2
3460512,2
3406512,2
3405612,2
3405162,2
6345012,3
3645012,2
3465012,2
3456012,2
3450612,2
3450162,2
6345102,3
3645102,2
3465102,2
3456102,2
3451602,2
3451062,2
6034152,3
0634152,3
0364152,2
0346152,2
0341652,2
0341562,2
6304152,3
3604152,2
3064152,2
3046152,2
3041652,2
3041562,2
6340152,3
3640152,2
3460152,2
3406152,2
3401652,2
3401562,2
6341052,3
3641052,2
3461052,2
3416052,2
3410652,2
3410562,2
6341502,3
3641502,2
3461502,2
3416502,2
3415602,2
3415062,2
6051423,3
0651423,3
0561423,3
0516423,3
0514623,3
0514263,3
6501423,3
5601423,3
5061423,3
5016423,3
5014623,3
5014263,3
6510423,3
5610423,3
5160423,3
5106423,3
5104623,3
5104263,3
6514023,3
5614023,3
5164023,3
5146023,3
5140623,3
5140263,3
6514203,3
5614203,3
5164203,3
5146203,3
5142603,3
5142063,3
6015423,3
0615423,3
0165423,3
0156423,3
0154623,3
0154263,3
6105423,3
1605423,3
1065423,3
1056423,3
1054623,3
1054263,3
6150423,3
1650423,3
1560423,3
1506423,3
1504623,3
1504263,3
6154023,3
1654023,3
1564023,3
1546023,3
1540623,3
1540263,3
6154203,3
1654203,3
1564203,3
1546203,3
1542603,3
1542063,3
6014523,3
0614523,3
0164523,3
0146523,3
0145623,3
0145263,3
6104523,3
1604523,3
1064523,3
1046523,3
1045623,3
1045263,3
6140523,3
1640523,3
1460523,3
1406523,3
1405623,3
1405263,3
6145023,3
1645023,3
1465023,3
1456023,3
1450623,3
1450263,3
6145203,3
1645203,3
1465203,3
1456203,3
1452603,3
1452063,3
6014253,3
0614253,3
0164253,3
0146253,3
0142653,3
0142563,3
6104253,3
1604253,3
1064253,3
1046253,3
1042653,3
1042563,3
6140253,3
1640253,3
1460253,3
1406253,3
1402653,3
1402563,3
6142053,3
1642053,3
1462053,3
1426053,3
1420653,3
1420563,3
6142503,3
1642503,3
1462503,3
1426503,3
1425603,3
1425063,3
6054123,3
0654123,3
0564123,3
0546123,3
0541623,3
0541263,3
6504123,3
5604123,3
5064123,3
5046123,3
5041623,3
5041263,3
6540123,3
5640123,3
5460123,3
5406123,3
5401623,3
5401263,3
6541023,3
5641023,3
5461023,3
5416023,3
5410623,3
5410263,3
6541203,3
5641203,3
5461203,3
5416203,3
5412603,3
5412063,3
6045123,3
0645123,3
0465123,4
0456123,4
0451623,4
0451263,4
6405123,3
4605123,4
4065123,4
4056123,4
4051623,4
4051263,4
6450123,3
4650123,4
4560123,4
4506123,4
4501623,4
4501263,4
6451023,3
4651023,4
4561023,4
4516023,4
4510623,4
4510263,4
6451203,3
4651203,4
4561203,4
4516203,4
4512603,4
4512063,4
6041523,3
0641523,3
0461523,4
0416523,4
0415623,4
0415263,4
6401523,3
4601523,4
4061523,4
4016523,4
4015623,4
4015263,4
6410523,3
4610523,4
4160523,4
4106523,4
4105623,4
4105263,4
6415023,3
4615023,4
4165023,4
4156023,4
4150623,4
4150263,4
6415203,3
4615203,4
4165203,4
4156203,4
4152603,4
4152063,4
6041253,3
0641253,3
0461253,4
0416253,4
0412653,4
0412563,4
6401253,3
4601253,4
4061253,4
4016253,4
4012653,4
4012563,4
6410253,3
4610253,4
4160253,4
4106253,4
4102653,4
4102563,4
6412053,3
4612053,4
4162053,4
4126053,4
4120653,4
4120563,4
6412503,3
4612503,4
4162503,4
4126503,4
4125603,4
4125063,4
6054213,3
0654213,3
0564213,3
0546213,3
0542613,3
0542163,3
6504213,3
5604213,3
5064213,3
5046213,3
5042613,3
5042163,3
6540213,3
5640213,3
5460213,3
5406213,3
5402613,3
5402163,3
6542013,3
5642013,3
5462013,3
5426013,3
5420613,3
5420163,3
6542103,3
5642103,3
5462103,3
5426103,3
5421603,3
5421063,3
6045213,3
0645213,3
0465213,4
0456213,4
0452613,4
0452163,4
6405213,3
4605213,4
4065213,4
4056213,4
4052613,4
4052163,4
6450213,3
4650213,4
4560213,4
4506213,4
4502613,4
4502163,4
6452013,3
4652013,4
4562013,4
4526013,4
4520613,4
4520163,4
6452103,3
4652103,4
4562103,4
4526103,4
4521603,4
4521063,4
6042513,3
0642513,3
0462513,4
0426513,4
0425613,4
0425163,4
6402513,3
4602513,4
4062513,4
4026513,4
4025613,4
4025163,4
6420513,3
4620513,4
4260513,4
4206513,4
4205613,4
4205163,4
6425013,3
4625013,4
4265013,4
4256013,4
4250613,4
4250163,4
6425103,3
4625103,4
4265103,4
4256103,4
4251603,4
4251063,4
6042153,3
0642153,3
0462153,4
0426153,4
0421653,4
0421563,4
6402153,3
4602153,4
4062153,4
4026153,4
4021653,4
4021563,4
6420153,3
4620153,4
4260153,4
4206153,4
4201653,4
4201563,4
6421053,3
4621053,4
4261053,4
4216053,4
4210653,4
4210563,4
6421503,3
4621503,4
4261503,4
4216503,4
4215603,4
4215063,4
6051243,3
0651243,3
0561243,3
0516243,3
0512643,3
0512463,3
6501243,3
5601243,3
5061243,3
5016243,3
5012643,3
5012463,3
6510243,3
5610243,3
5160243,3
5106243,3
5102643,3
5102463,3
6512043,3
5612043,3
5162043,3
5126043,3
5120643,3
5120463,3
6512403,3
5612403,3
5162403,3
5126403,3
5124603,3
5124063,3
6015243,3
0615243,3
0165243,3
0156243,3
0152643,3
0152463,3
6105243,3
1605243,3
1065243,3
1056243,3
1052643,3
1052463,3
6150243,3
1650243,3
1560243,3
1506243,3
1502643,3
1502463,3
6152043,3
1652043,3
1562043,3
1526043,3
1520643,3
1520463,3
6152403,3
1652403,3
1562403,3
1526403,3
1524603,3
1524063,3
6012543,3
0612543,3
0162543,3
0126543,3
0125643,3
0125463,3
6102543,3
1602543,3
1062543,3
1026543,3
1025643,3
1025463,3
6120543,3
1620543,3
1260543,3
1206543,3
1205643,3
1205463,3
6125043,3
1625043,3
1265043,3
1256043,3
1250643,3
1250463,3
6125403,3
1625403,3
1265403,3
1256403,3
1254603,3
1254063,3
6012453,3
0612453,3
0162453,3
0126453,3
0124653,3
0124563,3
6102453,3
1602453,3
1062453,3
1026453,3
1024653,3
1024563,3
6120453,3
1620453,3
1260453,3
1206453,3
1204653,3
1204563,3
6124053,3
1624053,3
1264053,3
1246053,3
1240653,3
1240563,3
6124503,3
1624503,3
1264503,3
1246503,3
1245603,3
1245063,3
6052143,3
0652143,3
0562143,3
0526143,3
0521643,3
0521463,3
6502143,3
5602143,3
5062143,3
5026143,3
5021643,3
5021463,3
6520143,3
5620143,3
5260143,3
5206143,3
5201643,3
5201463,3
6521043,3
5621043,3
5261043,3
5216043,3
5210643,3
5210463,3
6521403,3
5621403,3
5261403,3
5216403,3
5214603,3
5214063,3
6025143,3
0625143,3
0265143,3
0256143,3
0251643,3
0251463,3
6205143,3
2605143,3
2065143,3
2056143,3
2051643,3
2051463,3
6250143,3
2650143,3
2560143,3
2506143,3
2501643,3
2501463,3
6251043,3
2651043,3
2561043,3
2516043,3
2510643,3
2510463,3
6251403,3
2651403,3
2561403,3
2516403,3
2514603,3
2514063,3
6021543,3
0621543,3
0261543,3
0216543,3
0215643,3
0215463,3
6201543,3
2601543,3
2061543,3
2016543,3
2015643,3
2015463,3
6210543,3
2610543,3
2160543,3
2106543,3
2105643,3
2105463,3
6215043,3
2615043,3
2165043,3
2156043,3
2150643,3
2150463,3
6215403,3
2615403,3
2165403,3
2156403,3
2154603,3
2154063,3
6021453,3
0621453,3
0261453,3
0216453,3
0214653,3
0214563,3
6201453,3
2601453,3
2061453,3
2016453,3
2014653,3
2014563,3
6210453,3
2610453,3
2160453,3
2106453,3
2104653,3
2104563,3
6214053,3
2614053,3
2164053,3
2146053,3
2140653,3
2140563,3
6214503,3
2614503,3
2164503,3
2146503,3
2145603,3
2145063,3
6052413,3
0652413,3
0562413,3
0526413,3
0524613,3
0524163,3
6502413,3
5602413,3
5062413,3
5026413,3
5024613,3
5024163,3
6520413,3
5620413,3
5260413,3
5206413,3
5204613,3
5204163,3
6524013,3
5624013,3
5264013,3
5246013,3
5240613,3
5240163,3
6524103,3
5624103,3
5264103,3
5246103,3
5241603,3
5241063,3
6025413,3
0625413,3
0265413,3
0256413,3
0254613,3
0254163,3
6205413,3
2605413,3
2065413,3
2056413,3
2054613,3
2054163,3
6250413,3
2650413,3
2560413,3
2506413,3
2504613,3
2504163,3
6254013,3
2654013,3
2564013,3
2546013,3
2540613,3
2540163,3
6254103,3
2654103,3
2564103,3
2546103,3
2541603,3
2541063,3
6024513,3
0624513,3
0264513,3
0246513,3
0245613,3
0245163,3
6204513,3
2604513,3
2064513,3
2046513,3
2045613,3
2045163,3
6240513,3
2640513,3
2460513,3
2406513,3
2405613,3
2405163,3
6245013,3
2645013,3
2465013,3
2456013,3
2450613,3
2450163,3
6245103,3
2645103,3
2465103,3
2456103,3
2451603,3
2451063,3
6024153,3
0624153,3
0264153,3
0246153,3
0241653,3
0241563,3
6204153,3
2604153,3
2064153,3
2046153,3
2041653,3
2041563,3
6240153,3
2640153,3
2460153,3
2406153,3
2401653,3
2401563,3
6241053,3
2641053,3
2461053,3
2416053,3
2410653,3
2410563,3
6241503,3
2641503,3
2461503,3
2416503,3
2415603,3
2415063,3
